0.0000030000000000000000760
0.0000030000000000000000760
0.0000019999999999999999095
0.0000019999999999999999095
0.0000019999999999999999095
0.0000030000000000000000760
0.0000019999999999999999095
0.0000019999999999999999095
0.0000019999999999999999095
0.0000019999999999999999095
0.0000019999999999999999095
0.0000030000000000000000760
0.0000019999999999999999095
0.0000009999999999999999547
0.0000009999999999999999547
0.0000009999999999999999547
0.0000019999999999999999095
0.0000019999999999999999095
0.0000009999999999999999547
0.0000019999999999999999095
0.0000009999999999999999547
0.0000019999999999999999095
0.0000009999999999999999547
0.0000009999999999999999547
0.0000019999999999999999095
0.0000009999999999999999547
0.0000009999999999999999547
0.0000019999999999999999095
0.0000009999999999999999547
0.0000009999999999999999547
0.0000019999999999999999095
0.0000009999999999999999547
0.0000019999999999999999095
0.0000009999999999999999547
0.0000019999999999999999095
0.0000009999999999999999547
0.0000009999999999999999547
0.0000009999999999999999547
0.0000009999999999999999547
0.0000009999999999999999547
0.0000009999999999999999547
0.0000009999999999999999547
0.0000009999999999999999547
0.0000019999999999999999095
0.0000019999999999999999095
0.0000009999999999999999547
0.0000009999999999999999547
0.0000019999999999999999095
0.0000019999999999999999095
0.0000009999999999999999547
0.0000019999999999999999095
0.0000009999999999999999547
0.0000019999999999999999095
0.0000009999999999999999547
0.0000009999999999999999547
0.0000019999999999999999095
0.0000009999999999999999547
0.0000019999999999999999095
0.0000009999999999999999547
0.0000009999999999999999547
